16
4 1 16 2 11 9 8 7 12 13 5 6 15 14 3 10 
6 7 1 8 14 16 13 15 9 12 3 11 10 4 2 5 
12 3 10 5 4 2 15 7 9 6 8 14 13 16 11 1 
4 12 6 5 13 14 3 9 1 8 11 7 15 10 2 16 
6 13 15 4 5 14 1 11 9 10 16 2 3 12 8 7 
14 11 12 8 3 16 4 6 7 5 13 1 2 10 9 15 
7 6 2 8 9 16 4 15 1 13 10 12 5 3 14 11 
1 4 13 14 16 8 3 7 5 6 9 12 15 10 2 11 
16 8 14 1 10 6 4 12 11 13 9 2 3 15 7 5 
14 7 8 9 15 11 12 5 16 3 13 4 10 6 2 1 
11 3 9 13 10 8 2 5 7 4 16 12 6 14 1 15 
9 11 13 7 2 10 16 12 8 5 3 4 14 6 15 1 
1 9 7 4 15 13 16 2 11 3 10 14 8 12 6 5 
10 15 5 1 8 4 3 12 16 7 11 6 2 14 9 13 
14 7 3 5 8 9 15 6 1 2 12 4 10 11 16 13 
7 8 10 12 5 2 3 4 16 11 15 13 9 1 14 6 
15 16 1 2 13 5 4 14 3 10 9 11 7 6 12 8 
7 5 3 6 4 11 9 1 15 13 16 8 10 2 14 12 
7 15 2 4 14 3 11 8 6 9 12 13 16 5 10 1 
11 4 8 10 14 9 5 16 12 2 1 3 15 13 6 7 
12 14 6 4 5 7 16 13 10 3 11 2 8 15 9 1 
12 4 7 11 15 3 1 6 8 2 5 9 14 16 10 13 
12 6 14 10 13 11 1 8 9 16 2 15 7 3 4 5 
10 2 3 5 6 8 4 12 16 9 14 15 7 1 13 11 
12 2 13 6 3 15 8 14 10 5 16 7 4 1 9 11 
3 5 8 2 1 4 6 9 14 7 10 16 15 11 12 13 
13 10 8 5 2 16 15 3 4 1 12 7 14 11 9 6 
8 2 12 10 3 4 5 7 16 6 15 14 13 11 1 9 
8 6 10 5 9 14 15 16 3 13 2 12 11 7 1 4 
8 13 6 4 5 9 10 1 15 16 12 11 7 2 3 14 
6 12 2 13 3 8 14 5 11 7 9 4 15 10 16 1 
10 11 15 16 12 8 5 7 4 13 2 1 9 6 14 3 
