32
8 16 1 19 12 28 6 5 22 2 20 31 30 14 13 10 18 29 24 32 27 15 26 9 21 4 11 23 7 3 17 25 
12 24 17 14 22 8 3 26 1 23 5 21 13 25 6 27 16 4 18 32 11 15 9 7 2 20 30 29 31 19 28 10 
5 8 4 26 30 14 13 10 23 7 28 15 2 27 18 29 21 1 6 22 32 3 17 25 24 9 20 16 19 11 12 31 
14 23 22 4 27 3 9 19 26 20 15 31 24 10 32 16 11 21 6 25 29 17 2 8 30 13 18 7 5 12 1 28 
21 22 4 25 23 1 32 9 11 5 8 3 24 29 20 18 27 31 15 19 16 7 17 14 30 28 10 2 26 6 13 12 
25 29 31 14 13 6 23 30 26 1 5 8 17 4 22 28 2 24 16 27 20 21 9 19 15 7 12 18 32 11 3 10 
13 32 8 9 17 28 1 12 23 24 21 25 30 3 6 11 15 14 19 2 29 20 16 10 4 31 22 18 7 5 27 26 
19 5 6 8 15 22 4 3 12 26 1 24 30 32 23 25 16 2 29 31 27 14 11 10 13 17 7 21 28 9 18 20 
10 1 7 19 31 18 27 9 25 16 28 26 2 23 4 30 29 22 13 8 20 6 21 3 12 14 5 24 15 17 32 11 
22 19 6 20 2 32 17 31 12 16 13 23 18 5 26 21 24 1 25 29 27 4 30 14 7 3 28 10 11 8 9 15 
12 7 32 24 22 26 17 2 10 27 6 28 11 29 19 15 31 13 8 9 4 25 16 20 21 3 14 1 5 18 23 30 
24 3 15 28 31 1 17 21 2 8 13 14 23 10 7 12 4 9 32 26 11 20 16 18 22 30 27 25 29 5 6 19 
8 2 25 23 11 26 19 28 22 20 21 24 30 13 31 12 10 3 6 32 7 14 27 9 18 29 17 15 16 4 5 1 
2 16 30 10 19 12 28 26 6 27 20 8 4 25 22 3 32 11 29 1 9 13 21 31 17 5 14 7 23 15 24 18 
29 25 24 13 8 4 16 31 15 28 6 18 10 9 17 20 26 23 5 27 3 11 32 30 1 22 19 12 14 21 2 7 
11 2 30 28 29 3 31 5 6 21 9 13 27 10 4 1 17 24 7 20 26 15 25 19 22 23 18 32 14 8 16 12 
25 6 10 4 13 15 22 30 5 32 23 17 31 14 21 11 26 8 19 27 18 3 1 29 28 16 20 7 24 12 2 9 
3 18 31 13 32 28 6 12 7 23 29 30 26 17 15 25 20 27 14 9 5 21 22 2 8 11 1 19 10 16 24 4 
19 31 17 5 8 1 29 6 22 25 24 15 21 23 27 10 26 30 12 13 3 9 28 14 4 32 20 16 2 7 11 18 
2 3 31 5 12 28 29 22 13 23 8 27 32 4 20 16 15 18 24 10 9 7 11 21 14 6 1 25 30 17 26 19 
28 23 16 9 27 13 21 6 1 31 3 10 25 17 22 20 30 32 24 7 19 26 5 8 29 4 2 18 12 14 11 15 
31 12 20 4 3 6 13 21 10 25 24 2 26 32 9 11 18 15 1 7 27 23 14 22 19 8 29 30 28 16 5 17 
11 19 30 17 15 5 14 10 3 28 18 9 22 24 32 8 7 29 20 2 31 26 6 23 12 21 1 13 16 4 27 25 
20 7 9 13 27 1 25 23 22 4 16 32 31 19 14 11 30 3 12 8 21 2 28 26 29 6 5 15 24 18 10 17 
16 13 22 31 27 20 3 2 32 21 9 10 23 4 29 17 7 30 24 12 26 19 28 5 11 18 15 8 25 6 14 1 
17 8 11 16 22 14 25 28 19 1 7 29 13 4 15 23 26 9 20 32 12 21 3 6 10 18 24 31 27 5 2 30 
2 9 12 26 13 14 19 24 16 15 28 6 20 31 32 3 7 29 21 8 5 23 25 30 18 11 1 22 10 4 17 27 
3 11 28 10 29 4 15 26 22 17 32 18 7 27 24 16 8 30 12 9 14 5 21 19 20 31 13 2 23 6 25 1 
17 14 4 6 18 23 30 15 20 2 28 32 25 12 11 21 16 7 1 3 29 5 8 9 13 24 22 31 19 26 27 10 
17 23 6 29 30 31 7 14 4 20 1 12 10 32 21 16 15 11 22 13 24 5 26 3 2 18 19 27 28 25 9 8 
5 30 19 27 17 28 22 15 3 20 12 6 4 7 18 14 8 21 9 1 29 23 26 32 31 11 16 25 13 2 24 10 
6 28 23 29 7 5 25 19 11 21 13 32 14 15 24 17 8 1 20 22 3 26 27 2 30 12 16 9 10 4 18 31 
16 15 17 9 29 7 28 19 14 13 12 22 1 30 32 25 24 26 6 27 21 31 10 20 4 3 18 2 8 11 5 23 
17 25 31 11 2 18 20 15 16 5 13 23 28 7 3 10 4 22 1 6 32 21 24 27 26 12 30 9 19 29 14 8 
27 29 28 1 16 5 18 30 9 25 31 8 10 14 23 11 19 12 2 6 4 24 17 21 20 26 7 32 22 3 13 15 
24 13 18 32 23 12 3 21 2 14 7 9 6 20 11 10 1 8 25 29 31 28 19 16 4 15 27 17 5 30 26 22 
30 17 21 10 23 19 5 16 13 3 27 22 8 18 26 25 20 15 2 31 29 9 14 12 4 28 11 7 24 1 32 6 
25 12 3 13 14 11 31 6 15 27 19 17 8 16 2 7 32 30 10 4 9 21 20 5 22 18 26 24 28 23 29 1 
24 5 19 25 3 18 14 7 2 21 13 12 15 32 8 31 26 1 16 20 9 4 27 17 30 11 28 10 6 29 23 22 
21 32 18 5 22 30 15 31 6 7 26 23 17 11 4 25 2 27 1 29 19 8 24 14 10 16 3 12 9 13 20 28 
32 15 30 1 17 7 18 26 21 19 3 9 29 16 25 12 4 20 31 22 27 14 11 24 10 13 6 28 2 8 23 5 
14 17 26 7 1 15 9 28 19 3 12 32 29 21 18 27 30 16 8 4 23 10 20 22 2 6 24 31 5 13 25 11 
3 26 25 5 17 22 12 8 10 24 29 4 20 2 18 16 11 15 7 19 14 9 6 23 27 32 30 28 31 13 1 21 
31 11 24 19 8 26 14 27 10 15 2 29 7 18 20 16 30 28 21 12 23 5 3 25 4 1 17 22 13 32 6 9 
17 29 19 22 10 6 5 13 7 2 15 12 30 23 20 21 25 24 18 11 27 14 28 8 1 31 9 4 32 16 26 3 
7 6 4 10 27 11 32 5 28 20 18 21 22 16 8 23 9 31 30 17 26 24 14 15 12 13 29 25 1 19 3 2 
20 8 15 18 10 2 28 26 25 14 5 3 1 16 30 21 17 31 24 23 32 19 7 13 27 22 11 29 9 12 6 4 
15 13 6 22 14 4 8 10 11 5 3 18 2 29 23 21 32 20 28 17 9 1 12 16 24 7 30 27 25 31 26 19 
19 14 2 24 31 27 7 6 11 13 5 8 16 26 1 4 28 3 15 10 21 30 22 32 17 29 23 9 12 18 25 20 
6 5 11 4 22 1 32 10 24 14 17 13 31 28 26 15 16 29 30 7 21 9 12 8 3 20 25 19 23 18 2 27 
16 30 7 10 3 32 20 12 23 21 29 11 5 27 13 2 1 19 14 6 18 17 28 26 8 22 4 9 24 31 15 25 
2 6 17 12 11 27 8 10 4 7 9 28 5 19 14 29 20 22 24 32 23 1 21 15 26 13 3 16 31 25 30 18 
5 24 7 23 4 27 8 22 31 25 21 13 10 15 29 1 16 2 3 19 30 17 11 14 28 6 26 20 18 32 12 9 
13 14 31 15 12 3 5 17 20 9 26 10 8 7 29 30 25 16 28 1 23 4 19 22 27 11 21 24 18 6 32 2 
17 26 29 22 3 23 28 25 27 9 21 2 11 18 5 14 15 13 1 16 32 12 7 8 19 20 6 4 24 31 10 30 
27 19 29 4 11 5 12 20 32 25 31 14 23 22 18 21 13 28 15 17 16 1 10 26 9 24 2 3 7 8 6 30 
23 17 29 2 3 7 22 20 21 19 28 30 11 4 14 18 12 9 15 6 5 13 10 16 25 31 27 32 26 8 24 1 
28 2 23 12 18 20 31 11 22 24 29 21 27 6 5 15 14 4 19 8 16 30 26 1 13 7 3 32 25 9 17 10 
14 12 13 28 22 10 3 29 6 4 20 7 19 18 11 9 31 16 2 17 32 5 25 26 1 30 24 27 21 8 23 15 
31 1 10 18 15 16 13 11 21 26 3 7 28 24 9 29 23 19 17 27 20 30 22 6 12 8 14 25 4 5 2 32 
8 4 31 6 1 17 2 21 23 12 25 14 10 16 5 27 28 30 24 29 19 9 3 22 32 20 13 7 18 11 15 26 
11 29 9 8 32 30 10 24 21 25 13 16 5 20 22 7 26 12 1 31 28 17 27 4 6 2 19 15 18 23 14 3 
7 20 15 30 31 17 9 22 24 4 13 8 10 27 25 28 26 2 5 14 29 21 3 12 11 16 23 6 18 1 19 32 
31 26 23 13 32 14 20 4 10 2 9 18 22 21 17 25 6 8 16 19 12 1 28 5 3 30 29 7 27 24 11 15 
