64
10 19 30 54 17 4 61 50 40 11 32 64 13 6 26 55 38 22 28 1 18 60 29 56 7 34 8 27 31 59 12 9 43 44 53 48 14 51 49 45 2 52 57 46 42 36 16 63 58 23 25 37 41 20 39 47 35 5 24 3 15 21 33 62 
48 51 1 53 39 44 47 46 20 38 18 17 6 31 54 62 30 27 57 37 34 52 58 5 59 45 7 4 16 50 2 32 60 40 64 19 24 13 42 15 35 3 29 22 56 10 11 25 23 36 12 9 21 26 55 49 14 28 33 41 63 8 43 61 
31 41 55 25 5 59 30 15 20 43 22 2 19 24 9 38 8 23 29 3 57 27 13 32 35 18 39 54 14 61 52 1 21 17 28 51 36 42 45 10 48 49 6 44 63 12 46 16 33 60 50 7 47 56 62 64 4 40 34 53 37 58 26 11 
59 35 61 19 1 29 47 39 45 13 11 12 17 54 58 60 27 37 9 51 33 62 3 53 7 18 25 44 16 20 46 42 8 49 36 26 56 30 23 24 57 50 14 21 15 6 34 22 55 43 48 4 31 52 10 5 38 32 2 63 28 64 40 41 
64 47 27 40 42 53 35 54 20 22 63 2 34 25 30 13 5 62 8 18 39 17 26 44 38 29 59 36 51 28 49 3 43 45 56 10 48 9 61 37 11 52 16 23 6 24 57 14 46 33 60 1 31 58 55 15 12 19 7 50 4 32 41 21 
20 34 27 60 29 46 57 58 62 23 12 53 2 59 4 61 1 54 16 26 13 11 50 45 10 40 15 17 19 38 63 64 6 25 44 41 43 55 3 35 36 39 48 14 18 51 30 8 49 7 21 31 24 33 56 22 32 52 5 28 47 37 9 42 
4 22 1 10 21 2 6 62 8 37 42 28 57 61 49 63 45 43 60 54 20 14 19 34 3 38 46 47 52 9 33 35 56 13 51 64 31 11 5 29 26 40 58 36 48 23 17 7 27 44 39 41 24 16 25 53 15 55 18 12 50 30 32 59 
44 48 56 57 3 2 41 47 62 34 53 36 60 18 61 25 10 27 43 12 28 24 15 54 4 45 22 11 33 8 58 9 23 64 21 16 32 17 20 59 31 29 13 19 49 46 6 30 42 51 14 37 55 35 5 39 40 7 26 50 52 38 1 63 
11 29 37 26 58 18 13 34 47 3 14 41 53 4 20 1 48 56 46 2 9 25 19 61 35 32 7 6 27 36 8 10 44 24 52 17 33 23 12 31 22 55 15 57 30 63 39 5 59 60 51 40 49 62 28 54 45 42 21 38 50 64 16 43 
45 12 10 62 25 49 51 21 27 2 17 9 59 30 50 20 55 43 38 48 34 23 39 31 8 33 52 44 32 4 47 41 35 53 18 46 54 1 3 14 19 42 29 7 24 13 15 37 64 58 56 40 22 61 28 26 16 63 6 5 60 11 36 57 
21 50 11 47 33 22 42 34 27 48 28 20 53 29 56 10 46 13 31 41 58 62 9 24 26 63 3 23 64 32 30 4 39 19 2 52 43 45 40 44 60 5 14 6 51 7 1 35 16 61 12 49 54 37 55 18 59 36 57 25 15 17 38 8 
45 55 36 60 12 40 5 33 54 31 64 3 42 50 61 49 27 62 51 48 4 25 11 19 53 6 16 59 38 35 23 21 14 1 8 29 22 24 18 7 46 28 37 34 13 57 30 2 15 32 63 43 17 10 47 44 41 52 58 26 9 20 56 39 
23 35 59 61 14 48 21 58 6 45 38 16 31 17 55 60 13 41 7 42 11 36 40 28 18 63 54 53 20 62 5 3 43 33 8 26 24 27 19 34 64 44 1 30 51 46 57 4 2 15 32 37 29 12 10 39 52 50 47 49 25 22 56 9 
8 9 45 62 48 20 23 59 55 57 6 47 26 18 13 31 28 11 37 34 29 60 7 38 39 14 54 22 30 61 49 36 2 5 64 43 3 4 35 27 24 16 15 21 25 52 40 1 53 10 46 44 17 12 41 63 42 51 19 33 58 32 56 50 
31 27 37 7 42 34 30 54 48 14 59 61 20 38 4 45 49 62 51 17 19 16 5 13 35 25 11 28 50 21 26 57 6 58 9 53 2 24 36 46 39 23 47 41 15 52 8 22 43 3 64 18 12 55 40 44 29 63 60 10 1 33 56 32 
43 6 45 24 47 50 51 62 12 42 56 15 64 57 54 59 21 55 41 3 37 8 39 46 22 31 49 23 19 63 17 38 32 4 1 36 7 35 30 60 40 2 29 10 9 20 5 33 48 28 61 25 52 16 44 58 26 34 14 27 11 53 18 13 
5 8 15 23 47 54 58 31 63 36 19 61 62 13 50 60 48 52 55 51 28 18 12 7 32 26 10 3 27 29 49 44 42 45 64 20 11 34 4 2 33 37 43 14 24 22 39 6 16 57 59 46 17 56 53 38 9 35 41 1 30 40 21 25 
48 14 57 40 9 18 17 20 13 41 50 2 22 53 52 63 30 61 11 59 60 32 29 28 43 8 35 42 27 58 12 38 49 54 1 51 7 21 64 45 44 46 23 16 3 26 47 37 39 19 10 5 55 25 15 36 33 62 24 56 31 6 34 4 
29 6 38 41 5 1 12 60 13 47 44 27 52 16 48 15 23 55 20 46 2 61 25 54 51 43 49 64 53 8 33 7 14 35 58 4 30 56 62 50 26 28 59 17 9 45 57 18 42 34 3 40 32 10 21 24 19 36 31 11 39 22 63 37 
57 8 13 4 7 60 41 32 12 58 42 14 46 62 5 21 2 30 45 25 40 31 29 48 63 9 50 51 28 53 10 19 17 55 43 37 47 38 56 64 61 49 27 24 39 11 34 20 22 3 23 18 36 35 6 1 44 15 16 59 26 33 52 54 
30 63 60 23 26 37 54 9 18 42 38 25 5 14 7 32 6 22 62 12 56 28 52 49 34 35 2 45 27 53 46 55 4 43 40 47 24 61 11 16 13 51 1 10 50 15 3 31 21 29 33 20 59 19 17 41 64 58 48 57 36 39 8 44 
52 21 43 12 31 35 49 5 33 50 26 20 58 39 41 48 19 61 36 51 57 11 38 30 15 10 32 53 25 1 22 34 6 40 8 24 64 37 7 3 42 16 18 59 4 28 23 60 2 46 63 14 29 9 45 44 27 54 56 13 17 62 47 55 
36 15 1 35 38 56 23 53 17 32 4 12 29 13 28 11 20 61 21 52 41 48 6 3 39 31 60 5 8 62 24 63 58 18 51 40 10 59 45 27 55 9 22 26 16 14 19 50 44 49 30 7 64 42 43 46 57 34 37 33 47 54 25 2 
22 54 4 50 60 64 62 18 46 44 7 63 3 55 26 21 1 35 15 51 25 20 14 11 58 42 6 19 32 59 61 23 9 45 39 49 36 5 57 24 8 17 37 52 48 47 16 13 28 41 34 12 2 29 38 43 33 10 56 40 30 31 27 53 
41 63 15 34 20 57 47 24 46 55 36 12 59 5 7 61 32 35 64 18 9 27 51 1 43 4 48 21 53 37 60 52 31 11 58 8 42 6 33 29 14 17 19 62 13 38 23 28 30 40 10 22 3 45 49 26 44 25 16 56 50 39 2 54 
3 25 60 39 53 17 52 35 47 64 40 4 57 16 44 9 26 13 37 55 43 7 11 15 50 1 20 59 56 34 48 6 42 54 8 27 46 24 28 49 29 10 19 58 62 36 14 21 32 18 31 45 51 38 2 61 12 30 5 41 23 63 33 22 
27 18 45 1 4 32 37 39 2 9 52 35 43 12 58 14 3 33 22 10 11 47 7 28 13 62 41 38 24 44 30 19 60 40 8 56 57 23 63 49 53 50 36 42 64 15 5 6 31 59 46 20 55 21 51 61 25 17 16 48 54 34 26 29 
19 57 59 33 34 22 16 11 32 54 56 12 62 23 64 37 31 15 40 13 52 50 14 17 49 43 44 6 28 4 5 7 24 8 2 30 60 45 21 46 10 9 51 3 25 26 53 1 61 63 48 39 42 47 35 27 20 55 29 38 18 36 41 58 
13 9 46 8 12 19 48 29 62 50 61 6 53 20 4 24 33 49 38 57 17 16 41 47 56 52 35 63 55 36 11 3 26 40 43 21 14 59 60 32 58 23 25 28 31 27 64 54 7 45 22 10 15 30 42 34 5 44 18 2 37 1 39 51 
63 25 60 50 64 7 8 52 51 47 5 23 27 38 55 62 22 16 42 13 43 30 21 9 11 59 26 2 39 58 40 18 17 24 44 35 46 10 14 48 49 53 57 6 54 19 33 45 37 29 20 56 4 31 28 15 36 32 3 1 34 41 61 12 
30 41 3 12 10 15 47 6 5 42 51 49 63 7 55 22 33 48 60 20 38 8 24 43 18 50 54 53 62 58 26 13 61 52 23 11 9 36 28 45 57 27 64 35 37 25 4 16 32 34 21 19 2 1 29 39 40 59 56 14 31 46 44 17 
32 53 37 29 7 23 10 21 49 52 44 6 64 1 25 18 9 11 41 20 17 35 14 26 51 50 42 61 36 34 57 4 63 12 38 54 28 3 27 31 48 30 60 19 56 2 59 62 55 45 40 15 16 5 24 46 47 33 22 43 39 13 58 8 
27 49 7 13 62 43 24 51 45 23 60 61 14 21 41 35 4 50 6 33 22 18 15 26 47 9 31 3 56 57 8 63 44 42 29 53 64 1 30 52 20 11 58 38 34 48 32 37 12 2 16 40 5 46 59 54 28 17 25 19 55 39 10 36 
64 51 54 63 61 32 28 9 52 27 6 7 8 31 40 17 37 55 46 13 56 36 30 26 20 58 24 57 10 29 53 48 45 50 4 12 41 35 44 2 38 15 60 49 14 22 39 23 25 16 1 62 34 11 18 33 47 42 43 21 19 5 59 3 
57 63 49 24 32 54 48 45 27 60 5 11 59 33 62 6 14 9 16 15 47 10 3 55 41 61 43 38 40 26 20 42 34 29 35 12 23 18 64 37 17 39 46 30 51 44 13 2 22 4 50 28 58 25 7 56 36 19 21 53 52 31 1 8 
59 52 5 35 43 19 53 23 60 11 30 47 38 41 21 29 28 25 6 26 14 13 36 17 62 58 56 8 54 31 49 22 15 20 10 18 32 42 51 46 27 64 57 45 50 55 40 16 37 39 7 48 44 63 4 2 34 24 3 9 1 33 61 12 
14 10 6 40 24 49 50 61 54 27 32 37 33 29 46 45 64 38 20 2 42 8 59 15 48 13 51 62 21 17 26 44 11 56 16 35 55 43 57 1 23 47 19 12 63 5 30 7 39 4 28 36 3 41 53 58 9 34 25 31 52 18 22 60 
56 46 60 3 57 38 49 44 40 39 21 63 36 55 33 35 50 41 1 59 61 53 20 8 13 62 58 10 45 37 14 18 23 5 2 47 9 4 7 27 16 28 54 34 52 26 12 31 6 11 48 64 15 29 43 17 30 24 25 19 42 22 32 51 
14 39 7 30 42 22 44 21 52 63 61 18 13 4 6 43 64 32 19 8 11 36 16 3 17 57 31 1 50 29 51 41 59 53 12 15 5 34 24 48 45 26 35 60 2 25 38 49 56 23 37 47 62 28 20 54 10 46 27 58 55 9 33 40 
5 57 12 53 35 13 60 48 64 26 15 50 22 27 19 41 4 54 7 10 17 43 51 21 34 62 40 61 14 6 9 29 8 23 33 58 45 59 30 55 20 44 52 32 36 18 46 56 49 63 38 16 37 25 1 28 3 31 11 24 47 2 42 39 
41 35 36 38 8 10 17 11 63 24 64 40 51 5 31 4 27 3 47 52 20 16 6 33 42 49 61 12 56 21 43 45 53 60 46 30 29 15 39 54 26 55 37 58 22 59 48 34 32 14 25 62 9 23 28 2 1 57 18 44 13 19 50 7 
24 43 1 6 39 47 13 64 53 11 63 55 18 25 34 35 27 19 16 45 59 62 21 4 2 46 57 31 42 40 22 23 20 3 56 7 58 32 44 33 12 29 10 15 8 30 37 5 14 60 9 52 17 61 28 49 41 51 50 54 26 48 38 36 
50 11 39 23 31 49 9 38 54 8 20 35 59 51 17 58 24 40 29 32 34 10 53 62 46 27 64 3 48 1 43 44 18 28 61 21 7 26 6 15 2 36 55 52 19 56 22 37 14 16 47 57 25 5 4 12 60 13 42 30 45 63 33 41 
35 55 18 60 38 61 30 43 8 28 29 13 36 9 14 4 46 58 59 37 57 22 19 41 21 34 17 53 39 26 54 50 11 40 27 20 25 15 48 23 49 47 33 5 1 16 63 10 31 62 6 24 12 32 3 7 2 52 44 51 45 64 56 42 
44 3 4 31 47 7 14 63 52 38 17 12 55 62 34 36 11 43 53 1 2 45 18 61 27 23 15 40 41 21 10 22 58 59 64 20 48 13 16 6 56 28 19 26 37 9 42 32 8 50 60 5 39 24 49 51 35 54 25 57 46 29 33 30 
55 17 37 26 63 46 19 1 16 54 53 64 35 41 31 33 13 25 22 27 48 4 18 9 57 39 8 5 28 61 44 20 56 7 58 40 62 10 47 12 21 42 6 51 23 11 3 43 36 49 60 32 45 50 38 34 59 15 14 29 24 52 30 2 
13 1 61 49 58 35 44 39 50 22 41 27 55 36 30 45 10 7 47 46 48 21 59 28 2 25 18 63 54 8 33 51 42 64 9 23 62 19 43 16 12 6 37 26 20 4 11 3 31 34 57 53 15 56 40 24 52 17 60 29 14 32 5 38 
28 1 58 56 15 5 26 18 54 63 64 10 35 21 33 40 50 38 49 55 24 41 42 17 25 57 12 6 34 37 19 4 43 61 32 2 3 45 31 7 16 13 29 8 36 47 14 44 60 27 20 53 48 11 22 30 59 46 23 39 9 51 62 52 
2 64 5 46 38 20 12 28 31 42 59 60 40 61 35 16 33 24 47 41 11 39 29 55 45 62 17 13 50 6 14 7 53 21 58 1 8 26 9 63 43 15 3 52 18 4 25 37 27 56 57 34 22 51 32 48 49 30 36 54 44 10 19 23 
64 3 30 37 15 50 33 26 4 1 56 62 20 55 40 28 34 45 48 22 23 42 41 35 61 49 38 51 32 25 43 17 58 46 16 57 14 13 60 2 53 9 18 52 21 54 11 27 12 29 36 31 39 6 59 5 44 24 8 7 47 63 10 19 
16 14 55 7 56 13 40 15 37 1 6 22 10 25 18 62 38 58 4 42 33 49 60 17 32 53 2 48 47 39 5 34 44 23 11 12 21 54 57 19 63 61 52 59 29 31 50 43 24 8 9 28 30 20 26 45 3 41 36 64 35 46 27 51 
53 40 59 32 46 33 22 12 10 52 44 5 24 1 49 36 54 26 42 6 2 56 39 62 31 50 17 27 57 47 3 19 28 4 16 41 9 43 20 21 37 55 48 51 29 23 63 11 61 15 18 45 30 64 14 8 35 58 7 60 25 38 34 13 
52 47 48 19 29 12 38 36 13 44 32 35 57 33 15 10 28 43 61 53 21 14 30 60 41 50 63 39 1 62 49 8 16 25 17 42 4 23 24 55 51 6 37 40 2 11 54 31 59 20 9 26 7 58 64 56 34 27 22 5 3 45 18 46 
2 60 36 40 20 52 5 15 49 4 41 57 62 54 26 34 22 32 30 51 61 14 6 28 55 56 48 9 19 12 38 8 21 7 18 16 25 33 29 1 50 24 43 37 44 31 3 10 47 13 27 64 11 58 59 46 45 63 39 35 17 23 42 53 
15 48 55 51 26 24 36 46 60 12 50 37 38 58 43 5 35 44 11 33 17 10 49 40 59 25 47 52 6 13 1 62 63 20 53 28 32 56 14 8 7 9 31 61 41 45 22 3 54 16 64 18 2 30 23 27 29 34 42 19 21 4 57 39 
55 24 64 46 35 7 53 63 13 23 61 20 30 8 43 22 44 15 2 12 29 45 27 14 60 16 18 56 34 19 40 38 17 37 41 11 4 47 33 42 6 52 59 9 3 62 26 25 10 54 32 1 5 58 57 50 39 48 21 51 31 36 49 28 
50 37 40 48 59 60 61 38 49 52 34 20 2 56 3 63 54 23 53 19 64 14 5 24 36 42 55 43 30 57 28 32 1 27 4 7 51 16 18 26 31 58 17 10 35 11 41 62 44 25 13 45 21 33 46 12 22 47 9 29 6 8 15 39 
54 55 32 24 38 39 20 4 14 10 57 45 53 16 27 63 1 49 36 59 52 35 30 33 56 47 42 8 26 61 15 28 43 41 7 58 62 5 51 64 50 12 29 3 18 46 40 19 48 34 25 2 21 60 22 23 9 31 37 13 44 17 6 11 
29 50 11 21 15 23 43 49 34 24 38 4 12 14 53 1 6 20 47 8 39 45 35 5 33 55 2 42 64 52 63 22 37 3 27 60 30 62 59 57 26 17 31 56 36 7 16 51 61 58 25 19 28 13 54 46 48 10 41 32 40 9 44 18 
8 54 45 21 18 58 25 43 13 36 12 52 57 48 35 46 26 28 40 2 59 33 62 6 11 27 42 30 20 32 29 3 23 47 60 41 1 7 37 5 38 34 55 53 31 64 56 39 10 44 61 9 14 22 50 17 24 19 15 4 63 51 16 49 
63 4 37 50 30 52 41 9 20 59 14 19 46 40 47 34 33 51 27 5 3 58 23 2 17 57 31 12 8 55 54 21 39 44 13 35 60 64 49 6 32 56 36 38 25 62 15 11 1 61 26 16 29 48 18 24 22 43 10 53 28 7 42 45 
1 26 55 10 7 49 4 46 27 40 62 44 12 33 53 57 43 64 3 36 59 2 8 47 38 11 13 9 52 17 34 41 32 51 37 14 54 25 31 18 5 20 29 45 30 50 15 58 6 48 60 61 19 16 35 22 23 42 28 39 56 21 63 24 
55 61 37 42 2 51 11 57 53 36 54 12 21 39 25 64 18 29 28 20 10 34 16 26 50 59 19 35 1 47 62 23 6 56 9 52 43 63 17 7 30 44 49 8 41 33 46 60 3 13 22 38 24 31 14 58 27 4 40 5 32 45 48 15 
21 64 8 54 34 46 48 37 55 17 58 30 18 62 23 26 15 45 61 49 20 7 44 33 63 1 59 32 53 25 12 6 10 36 43 3 9 52 51 57 56 2 50 28 13 29 35 24 42 60 19 14 47 38 5 39 31 11 40 16 41 22 4 27 
19 10 44 9 48 34 29 35 25 41 43 47 15 3 21 56 22 7 49 61 28 31 27 53 11 4 20 46 40 50 62 58 24 42 2 13 57 37 52 17 1 12 38 51 6 33 23 45 60 36 14 32 26 55 16 39 64 54 30 5 8 18 59 63 
47 53 35 18 11 61 38 41 63 57 4 64 54 33 60 7 17 6 20 30 58 44 52 21 26 29 15 28 39 42 13 9 5 19 59 27 56 37 55 62 45 22 12 48 50 25 40 14 3 49 51 8 24 2 1 46 31 36 10 34 16 43 23 32 
47 16 5 11 40 14 3 42 50 61 31 57 30 45 18 44 43 53 1 51 60 62 23 12 63 56 46 28 35 59 15 8 39 38 32 21 48 17 7 52 10 4 25 64 41 49 9 24 36 13 22 26 29 27 20 6 54 33 58 19 2 34 55 37 
63 56 45 36 64 32 60 34 25 61 9 11 23 3 58 44 37 29 10 39 6 35 12 53 43 41 54 33 38 8 46 51 57 28 50 27 18 24 1 4 17 7 42 40 62 14 48 47 30 5 2 55 19 13 26 20 49 22 59 31 16 21 15 52 
41 32 50 34 27 20 36 49 28 33 61 45 18 5 23 56 3 39 9 24 11 57 15 38 63 22 16 30 8 64 54 48 44 43 58 40 62 60 52 51 1 59 42 53 14 6 47 46 2 4 17 19 13 29 31 55 25 35 10 26 21 12 37 7 
4 63 1 34 29 11 30 32 9 42 41 59 7 14 51 26 5 36 47 24 37 18 54 44 28 3 53 61 25 57 45 13 12 21 52 40 43 31 46 64 56 62 8 55 23 39 10 50 49 19 22 48 15 2 16 33 17 60 38 20 6 35 27 58 
55 48 37 10 51 36 46 42 29 61 18 62 32 63 5 16 14 33 20 12 21 50 7 13 8 11 25 53 28 64 60 44 43 58 2 6 34 57 17 15 49 30 3 54 38 23 27 31 47 56 1 19 35 45 24 26 39 22 52 41 4 9 59 40 
32 23 50 62 26 9 7 51 56 10 38 12 15 46 21 53 55 44 34 59 8 19 16 25 58 3 49 11 28 39 2 29 4 35 1 24 36 22 40 43 42 63 18 57 20 54 52 60 27 14 31 5 17 6 33 13 48 47 37 45 41 30 64 61 
30 63 43 26 42 10 50 19 58 46 7 25 57 45 40 54 56 21 51 33 39 31 53 17 61 1 28 49 38 3 36 37 59 44 64 23 24 20 60 48 9 16 6 52 35 34 41 15 62 55 22 13 8 4 11 47 29 32 27 12 5 14 2 18 
4 12 59 9 11 26 8 19 60 64 48 41 62 35 40 34 1 5 32 44 39 42 54 53 61 21 22 37 38 30 24 2 57 13 20 15 55 23 51 47 56 28 46 29 36 31 18 50 43 33 16 63 25 58 6 3 7 27 45 14 52 10 17 49 
16 59 44 42 48 35 34 26 64 55 5 9 38 4 11 58 2 18 3 23 25 45 46 36 60 41 33 12 30 8 47 56 10 14 39 13 29 24 52 51 37 7 21 20 40 15 43 62 49 6 27 1 22 57 63 19 32 31 17 61 54 28 53 50 
40 37 21 59 4 42 35 18 39 52 22 14 15 19 5 9 49 3 57 51 17 55 43 7 64 31 29 24 32 38 47 2 33 11 50 56 30 60 1 13 28 62 10 20 46 45 25 63 61 48 27 6 41 23 16 12 34 26 58 8 54 36 44 53 
53 44 32 26 55 34 25 13 12 49 45 15 35 43 20 14 56 1 40 47 38 63 57 11 36 4 24 42 41 27 39 51 16 58 3 60 8 37 18 33 30 23 28 19 64 5 6 62 50 29 48 61 17 10 31 46 2 59 21 7 54 22 9 52 
5 4 9 6 35 61 41 34 3 53 42 64 44 13 62 10 14 22 45 38 31 48 43 19 51 8 7 50 18 58 56 23 26 59 15 46 47 36 63 40 27 37 21 32 12 24 57 30 29 33 60 52 55 49 17 28 16 39 20 54 1 25 11 2 
60 30 52 27 56 11 35 9 17 29 15 54 40 8 5 61 50 18 14 38 42 13 58 51 28 12 37 20 1 53 7 64 47 39 36 57 16 45 63 48 32 26 6 23 41 3 33 59 55 21 34 2 46 25 62 49 10 4 43 44 31 22 24 19 
56 7 54 14 6 11 16 21 27 30 17 25 42 43 13 1 55 4 22 64 53 49 45 61 47 36 48 3 26 5 32 63 38 44 12 52 18 34 60 10 58 9 33 31 19 23 51 37 40 50 39 29 41 8 59 46 24 2 28 20 15 35 57 62 
25 39 6 44 14 52 50 62 16 42 55 38 13 46 54 43 23 2 28 47 21 45 30 40 5 22 15 3 58 49 7 10 1 59 48 34 11 19 17 8 33 53 63 9 37 26 35 20 61 60 24 51 41 36 29 56 12 18 4 32 27 31 64 57 
56 6 37 29 2 20 9 50 23 53 35 21 39 48 30 15 46 10 22 28 18 59 57 63 47 52 19 12 62 41 58 40 60 24 7 49 17 51 3 27 5 25 38 26 1 44 13 43 4 11 33 61 42 36 45 54 16 55 14 8 34 64 31 32 
2 44 62 21 38 57 34 31 63 54 13 43 14 40 60 48 61 51 3 16 18 27 32 26 52 58 49 42 41 53 30 46 17 39 6 20 50 59 35 19 45 36 10 4 55 11 28 15 29 25 7 64 12 33 22 23 1 24 37 47 56 5 8 9 
48 18 54 46 23 9 5 61 24 36 35 64 12 37 30 11 41 42 14 52 63 3 16 7 39 17 10 45 40 13 43 38 56 26 19 28 58 2 4 55 51 20 29 47 21 27 32 57 50 15 53 6 8 59 22 31 34 44 1 62 49 25 60 33 
4 32 22 50 14 23 24 58 27 41 45 6 28 29 44 40 30 9 57 54 13 55 8 49 34 51 26 15 56 37 21 39 31 10 43 52 2 46 16 60 47 48 64 53 25 12 38 17 33 35 63 11 5 3 36 62 61 1 20 59 19 42 7 18 
62 51 30 52 40 23 39 37 24 19 61 28 3 21 18 33 36 12 4 47 55 16 8 49 42 29 63 56 10 9 6 64 38 22 32 50 34 27 41 53 17 15 54 2 5 1 7 57 14 31 26 45 59 35 46 60 13 48 11 58 43 25 44 20 
31 44 64 14 56 16 10 19 20 2 53 18 5 3 23 8 50 27 47 35 42 39 6 11 59 9 17 60 13 40 29 48 34 38 36 57 22 58 61 28 63 46 24 41 55 43 51 12 7 49 32 15 54 52 33 1 21 45 30 25 26 37 4 62 
38 5 40 16 48 32 2 64 52 23 63 1 47 34 58 41 46 59 33 9 29 27 21 26 8 28 50 57 53 6 12 14 19 24 36 13 11 43 10 35 51 4 56 55 39 62 20 54 7 42 3 60 44 22 15 30 49 45 18 17 25 61 31 37 
18 58 23 33 22 15 17 5 14 41 62 35 64 59 60 20 45 25 37 29 52 36 19 1 50 46 63 8 49 2 44 61 31 40 11 3 28 10 6 51 57 42 54 38 55 4 21 34 7 16 13 9 56 26 27 47 48 30 53 39 12 24 43 32 
28 27 2 13 40 63 49 16 11 26 59 57 41 3 54 6 55 37 33 12 38 47 4 45 50 36 32 61 52 31 48 8 22 62 21 23 5 42 29 24 18 7 14 20 44 43 1 64 10 19 35 15 51 39 17 30 58 9 34 25 46 60 56 53 
9 2 33 21 22 30 36 25 48 62 28 46 17 53 50 40 12 42 5 60 29 41 3 43 54 51 26 11 6 34 18 15 63 55 13 27 38 59 32 52 20 31 61 57 8 58 35 24 1 37 64 23 7 4 56 19 14 16 47 39 10 44 49 45 
45 3 23 44 49 46 47 64 1 38 7 36 50 58 30 37 17 53 14 20 35 19 15 13 42 10 33 18 5 51 54 31 4 41 9 6 55 16 39 28 62 52 60 32 43 57 2 63 48 34 25 21 40 29 22 27 12 24 11 59 8 56 26 61 
17 59 48 12 15 11 1 40 44 9 8 58 36 28 22 27 4 21 64 51 39 16 25 32 43 61 62 60 46 23 30 26 56 7 49 52 33 63 20 24 41 45 2 6 29 34 54 42 10 14 55 37 35 47 57 31 13 18 53 19 38 3 50 5 
12 23 14 10 31 4 53 56 26 63 48 55 1 15 6 29 45 34 32 44 25 36 60 52 51 17 7 49 20 22 40 42 38 37 33 19 18 27 64 8 24 3 43 46 41 30 5 39 11 16 2 28 61 59 58 62 57 35 9 54 47 50 13 21 
12 1 21 55 52 8 34 27 13 28 23 25 30 48 61 7 43 22 37 32 46 62 6 16 59 19 51 42 41 11 35 58 3 2 20 18 36 63 10 33 15 39 26 53 9 17 47 54 60 24 64 56 50 31 57 4 40 44 14 49 29 38 5 45 
57 11 49 58 18 52 17 10 59 4 15 8 42 34 24 26 64 29 21 55 41 9 30 35 2 48 12 46 23 7 28 63 43 3 54 60 13 61 19 38 32 14 1 5 16 40 45 20 27 47 62 6 31 25 36 51 50 53 39 33 22 44 37 56 
19 40 12 62 29 30 43 2 49 45 37 32 34 36 48 6 26 57 20 38 58 39 21 52 47 3 42 50 7 63 15 13 24 64 18 55 1 53 17 35 31 54 60 5 14 61 41 16 56 51 9 46 8 23 27 59 28 10 25 33 44 22 4 11 
39 51 32 62 35 4 24 34 60 31 30 27 5 25 61 64 10 63 57 44 56 20 59 7 50 49 40 53 13 47 12 29 18 45 23 28 9 16 21 22 11 42 26 48 3 46 8 19 52 33 54 38 36 15 14 58 17 2 41 43 37 6 55 1 
19 46 2 32 24 42 34 53 31 38 59 13 8 36 44 43 55 47 63 20 23 51 49 21 10 45 14 41 30 33 22 25 40 29 54 17 1 64 50 48 35 39 9 15 11 16 52 27 60 6 58 18 5 12 57 28 7 62 3 56 37 26 61 4 
25 2 1 13 52 14 44 20 11 34 15 48 3 50 38 10 35 7 63 36 28 27 56 12 55 64 57 53 16 43 19 54 29 32 58 41 9 21 60 8 22 47 45 6 62 59 40 33 23 18 49 24 4 5 17 51 37 46 30 61 39 26 42 31 
51 4 3 29 20 31 61 47 6 64 46 13 2 8 36 41 16 32 28 30 7 58 57 35 1 55 21 45 27 44 43 12 40 23 17 18 9 49 62 25 63 53 52 38 14 39 26 56 11 48 22 19 34 59 10 50 42 37 15 33 5 54 60 24 
38 10 57 54 34 52 2 18 9 23 28 60 37 29 33 55 35 7 46 14 53 63 41 43 42 36 50 11 20 61 19 24 17 49 16 62 47 15 3 32 6 1 56 5 40 21 25 12 4 31 26 13 39 58 51 48 30 22 8 27 45 64 59 44 
29 2 59 43 63 62 57 27 53 8 25 31 47 23 34 1 14 60 13 56 32 20 16 46 51 28 26 21 24 10 15 35 9 61 42 50 38 12 33 39 54 5 18 19 45 22 48 41 52 36 37 64 49 3 17 58 7 44 30 40 4 6 11 55 
26 64 56 52 53 31 63 50 45 35 38 11 33 60 2 30 12 6 27 13 58 34 44 28 54 18 59 4 10 55 29 9 20 21 24 47 42 36 1 19 61 41 3 32 8 15 57 25 22 43 46 5 51 39 7 40 37 16 23 62 48 49 14 17 
42 13 53 62 37 17 61 58 20 14 41 30 51 57 8 54 27 1 29 24 2 32 9 44 26 63 3 28 33 46 36 18 6 56 11 49 16 25 23 31 64 39 21 7 15 45 12 22 5 10 47 55 48 59 34 4 50 19 38 40 60 35 52 43 
53 38 44 54 4 59 11 39 61 58 27 52 51 57 49 14 2 24 55 23 31 18 32 45 9 64 16 26 15 40 47 30 13 5 8 7 42 62 21 19 37 12 29 46 33 48 3 43 56 34 17 41 50 6 1 35 28 25 20 60 22 63 10 36 
53 6 21 54 16 37 56 12 3 32 57 59 14 13 18 36 40 15 25 38 20 45 41 23 55 30 33 52 9 44 58 29 22 47 35 28 4 62 31 46 49 48 51 39 19 43 63 7 64 2 50 34 11 10 5 8 60 1 17 24 26 42 27 61 
6 50 42 63 17 22 8 51 60 36 54 32 43 39 29 56 25 49 64 34 35 58 44 33 26 55 30 27 10 59 61 11 2 52 3 40 41 24 21 9 19 31 15 47 48 53 18 46 1 23 57 20 13 14 37 7 28 45 62 5 16 12 4 38 
10 16 46 12 1 5 11 2 29 56 3 62 50 8 55 14 18 54 13 44 48 23 26 60 19 39 47 43 27 17 49 35 9 64 52 36 32 34 38 53 40 20 59 25 63 22 4 61 45 41 6 28 37 7 42 58 30 57 15 33 24 51 21 31 
27 53 60 28 52 38 6 21 12 2 30 18 47 39 49 43 14 61 32 51 45 48 9 17 16 15 57 26 46 62 63 13 11 64 4 7 3 5 31 34 59 56 23 25 58 55 24 41 37 22 42 33 54 8 19 20 50 36 29 35 10 44 1 40 
57 26 35 45 23 17 10 21 2 13 27 44 18 8 51 1 32 59 63 48 62 58 38 3 52 14 64 50 49 6 46 22 4 20 28 61 43 11 36 60 56 37 12 9 31 25 39 19 41 55 16 5 29 34 54 53 47 42 24 33 7 40 15 30 
30 33 58 6 45 56 52 31 19 1 35 20 24 39 57 18 44 54 22 28 55 2 41 53 23 10 37 62 34 40 16 14 38 63 15 32 46 47 3 42 36 5 9 51 49 50 17 11 29 26 7 27 48 43 61 59 12 25 4 60 64 13 8 21 
22 59 37 47 3 58 19 27 5 23 46 43 34 9 44 54 15 39 52 10 20 61 35 28 21 11 30 16 45 2 49 55 24 18 62 29 4 63 53 33 12 57 50 25 31 6 51 42 7 48 13 32 64 41 1 17 8 36 60 26 38 40 56 14 
59 60 45 4 42 40 23 5 64 29 12 49 31 2 14 22 33 32 47 7 50 53 27 38 37 20 28 35 44 8 11 48 63 57 3 15 13 34 17 26 41 1 52 25 55 16 61 46 10 36 24 19 56 18 62 54 21 9 6 51 39 30 43 58 
13 8 57 61 12 18 17 31 35 28 19 6 26 36 44 40 53 24 34 25 50 39 51 48 15 52 58 9 14 32 54 4 10 59 29 55 45 30 64 33 63 16 41 7 56 22 20 23 1 37 38 46 49 21 27 2 47 43 42 62 3 60 11 5 
37 1 18 62 38 56 7 44 34 29 41 14 52 13 47 30 36 49 58 43 33 12 4 20 9 54 26 50 61 10 6 25 27 55 40 64 11 28 63 23 24 15 42 53 39 5 48 32 35 59 22 2 57 46 16 21 60 8 17 3 19 31 51 45 
56 10 62 30 24 44 58 52 43 39 2 18 3 47 21 15 16 20 49 50 11 41 45 25 57 4 33 27 7 53 8 29 26 31 35 13 51 12 19 59 54 48 14 5 6 17 38 46 60 34 9 36 32 1 61 28 23 55 42 40 63 64 37 22 
43 14 50 30 11 21 59 16 28 18 27 40 7 8 48 13 39 41 49 15 17 63 23 35 29 5 45 31 1 20 3 53 54 61 37 51 25 22 12 62 26 64 34 60 52 42 33 46 19 56 24 55 2 36 10 32 47 38 6 57 58 4 44 9 
9 63 44 57 54 41 29 59 4 31 46 56 11 28 10 24 32 23 3 1 39 34 60 43 49 6 8 35 14 30 7 37 33 5 42 40 2 15 21 12 47 13 25 48 51 20 45 55 26 17 18 61 19 64 27 62 36 58 52 16 50 38 22 53 
43 37 17 59 52 5 25 18 60 31 14 12 57 7 24 16 46 1 19 58 34 20 35 4 26 33 53 10 42 6 63 27 13 64 21 51 28 2 55 32 15 22 56 3 41 47 49 30 48 61 29 45 54 11 44 38 50 8 36 40 39 23 9 62 
27 60 62 64 23 49 22 24 1 10 18 9 56 53 59 44 16 5 31 4 36 35 3 38 17 7 34 61 51 29 28 14 47 46 54 6 42 21 26 11 13 8 45 2 50 12 63 52 48 37 55 33 15 57 19 39 58 43 20 41 32 30 25 40 
55 48 51 18 63 27 41 37 56 44 24 31 39 34 60 29 14 57 3 12 36 17 33 53 58 2 62 20 13 5 42 9 38 43 35 46 15 54 22 23 28 8 47 30 26 50 7 45 32 16 4 61 25 1 11 59 21 40 10 6 19 49 64 52 
23 18 6 15 5 21 27 13 57 33 55 2 56 1 11 50 60 58 10 29 30 12 53 19 31 48 7 26 42 25 45 54 46 39 62 14 35 38 22 24 40 36 61 3 43 34 37 32 17 20 16 64 41 49 8 44 28 47 59 63 4 9 51 52 
28 1 7 24 33 64 32 50 29 11 10 52 57 26 3 41 21 51 61 14 38 31 55 9 12 58 37 62 59 54 30 13 56 2 4 43 44 63 40 45 23 36 18 35 46 48 60 19 27 53 20 47 16 34 39 42 25 17 6 22 15 49 5 8 
25 14 17 24 48 23 10 46 53 1 27 12 41 4 54 5 51 13 42 18 9 16 58 35 55 30 60 15 56 6 7 44 2 63 38 11 20 28 47 34 3 29 62 21 45 39 59 49 31 64 19 26 32 33 57 61 52 8 50 40 22 37 43 36 
49 33 45 31 34 9 48 58 17 62 15 60 42 6 47 26 11 37 56 59 35 18 2 3 29 13 22 36 61 32 43 50 28 46 63 16 21 54 14 64 19 39 57 7 25 12 52 24 5 38 23 27 44 41 55 40 53 1 10 20 4 30 8 51 
22 1 50 26 29 17 53 44 62 18 46 59 43 39 13 24 61 10 32 5 40 41 31 47 57 21 33 48 38 19 20 25 54 63 6 35 49 36 7 16 23 28 56 8 51 2 34 15 60 42 14 12 37 4 11 27 58 9 30 3 52 55 64 45 
11 26 24 58 34 9 23 8 57 28 30 27 52 32 59 5 39 35 64 60 6 10 22 62 20 47 12 31 16 14 56 18 63 36 49 46 55 54 15 43 61 13 33 48 29 45 7 37 21 25 38 17 3 53 42 4 51 2 41 1 50 40 44 19 
