1 20
2 68
3 118
4 58
5 35
6 85
7 115
8 34
9 106
10 93
11 23
12 64
13 75
14 54
15 57
16 95
17 116
18 4
19 72
20 100
21 52
22 80
23 30
24 123
25 94
26 77
27 113
28 81
29 15
30 120
31 53
32 70
33 31
34 21
35 17
36 79
37 124
38 36
39 119
40 96
41 56
42 76
43 101
44 6
45 50
46 40
47 1
48 33
49 24
50 29
51 126
52 87
53 22
54 42
55 78
56 89
57 108
58 83
59 39
60 98
61 47
62 84
63 109
64 121
65 122
66 48
67 10
68 44
69 112
70 91
71 110
72 90
73 128
74 107
75 114
76 69
77 55
78 26
79 97
80 28
81 7
82 49
83 16
84 19
85 9
86 103
87 27
88 41
89 105
90 63
91 38
92 86
93 66
94 14
95 111
96 13
97 60
98 32
99 117
100 65
101 11
102 125
103 71
104 12
105 92
106 73
107 3
108 67
109 62
110 104
111 88
112 18
113 5
114 25
115 43
116 59
117 8
118 99
119 51
120 46
121 37
122 61
123 127
124 102
125 45
126 82
127 2
128 74
