1 8
2 215
3 108
4 161
5 81
6 183
7 172
8 49
9 124
10 235
11 115
12 128
13 110
14 99
15 6
16 74
17 171
18 95
19 241
20 113
21 195
22 178
23 238
24 94
25 227
26 185
27 48
28 254
29 197
30 244
31 140
32 84
33 162
34 138
35 23
36 30
37 198
38 204
39 36
40 33
41 144
42 169
43 142
44 97
45 118
46 129
47 175
48 64
49 207
50 100
51 155
52 132
53 216
54 242
55 186
56 248
57 206
58 103
59 15
60 174
61 214
62 179
63 31
64 109
65 34
66 71
67 35
68 256
69 83
70 66
71 12
72 104
73 199
74 90
75 98
76 253
77 86
78 16
79 88
80 91
81 10
82 196
83 130
84 2
85 208
86 192
87 134
88 250
89 89
90 163
91 85
92 105
93 4
94 63
95 137
96 42
97 189
98 5
99 157
100 159
101 131
102 82
103 67
104 46
105 229
106 239
107 211
108 27
109 47
110 147
111 202
112 37
113 251
114 200
115 217
116 50
117 150
118 51
119 181
120 76
121 146
122 210
123 168
124 219
125 184
126 191
127 72
128 59
129 177
130 203
131 170
132 107
133 246
134 173
135 233
136 32
137 209
138 57
139 190
140 25
141 43
142 182
143 121
144 116
145 164
146 55
147 126
148 78
149 133
150 106
151 151
152 153
153 228
154 40
155 247
156 230
157 39
158 141
159 188
160 255
161 152
162 114
163 232
164 45
165 18
166 96
167 20
168 223
169 69
170 79
171 41
172 234
173 111
174 28
175 218
176 80
177 9
178 139
179 26
180 225
181 221
182 167
183 70
184 112
185 7
186 60
187 29
188 160
189 56
190 54
191 226
192 19
193 44
194 24
195 102
196 101
197 249
198 176
199 87
200 58
201 123
202 187
203 52
204 13
205 145
206 243
207 120
208 61
209 119
210 75
211 92
212 224
213 117
214 245
215 222
216 65
217 21
218 166
219 1
220 194
221 127
222 156
223 201
224 68
225 38
226 77
227 22
228 205
229 213
230 237
231 193
232 122
233 135
234 231
235 212
236 136
237 93
238 154
239 73
240 143
241 14
242 236
243 158
244 180
245 252
246 149
247 240
248 165
249 17
250 62
251 148
252 125
253 220
254 3
255 11
256 53
