1 210
2 205
3 184
4 39
5 338
6 393
7 438
8 148
9 117
10 417
11 384
12 459
13 394
14 192
15 420
16 314
17 212
18 295
19 217
20 429
21 469
22 220
23 428
24 505
25 285
26 448
27 399
28 289
29 155
30 496
31 293
32 116
33 286
34 254
35 30
36 246
37 306
38 378
39 274
40 133
41 25
42 97
43 15
44 202
45 75
46 398
47 367
48 465
49 385
50 185
51 82
52 54
53 298
54 303
55 72
56 204
57 322
58 401
59 319
60 96
61 43
62 60
63 174
64 493
65 169
66 332
67 463
68 365
69 415
70 456
71 130
72 190
73 98
74 343
75 396
76 492
77 509
78 112
79 1
80 484
81 410
82 409
83 66
84 422
85 511
86 63
87 64
88 230
89 392
90 9
91 235
92 388
93 443
94 508
95 195
96 216
97 430
98 226
99 253
100 403
101 191
102 272
103 479
104 457
105 288
106 227
107 196
108 23
109 172
110 45
111 215
112 437
113 376
114 423
115 470
116 261
117 177
118 107
119 5
120 294
121 258
122 458
123 334
124 146
125 154
126 65
127 234
128 252
129 357
130 506
131 449
132 159
133 471
134 351
135 199
136 122
137 370
138 487
139 175
140 283
141 280
142 454
143 156
144 52
145 375
146 78
147 507
148 284
149 312
150 136
151 488
152 275
153 278
154 276
155 99
156 414
157 157
158 390
159 418
160 389
161 68
162 266
163 150
164 405
165 271
166 128
167 245
168 462
169 36
170 491
171 187
172 382
173 406
174 402
175 113
176 124
177 31
178 281
179 318
180 460
181 104
182 221
183 273
184 178
185 10
186 461
187 400
188 495
189 325
190 279
191 374
192 292
193 57
194 249
195 83
196 105
197 206
198 452
199 87
200 345
201 431
202 341
203 103
204 120
205 70
206 426
207 309
208 510
209 328
210 168
211 111
212 236
213 186
214 119
215 362
216 76
217 145
218 419
219 468
220 244
221 412
222 44
223 22
224 13
225 264
226 219
227 451
228 47
229 440
230 377
231 100
232 94
233 135
234 170
235 158
236 62
237 180
238 28
239 102
240 164
241 209
242 208
243 58
244 442
245 364
246 240
247 482
248 387
249 26
250 354
251 324
252 373
253 93
254 466
255 371
256 27
257 21
258 179
259 287
260 200
261 118
262 358
263 256
264 143
265 85
266 121
267 296
268 238
269 497
270 383
271 161
272 225
273 232
274 333
275 476
276 436
277 268
278 483
279 313
280 260
281 149
282 110
283 142
284 48
285 55
286 310
287 77
288 147
289 444
290 366
291 176
292 49
293 248
294 411
295 317
296 237
297 425
298 353
299 291
300 434
301 361
302 171
303 228
304 250
305 316
306 404
307 92
308 71
309 350
310 446
311 339
312 439
313 308
314 11
315 59
316 342
317 335
318 34
319 167
320 255
321 472
322 407
323 194
324 138
325 17
326 144
327 126
328 433
329 88
330 301
331 368
332 323
333 247
334 198
335 381
336 304
337 53
338 51
339 337
340 115
341 329
342 480
343 141
344 37
345 413
346 163
347 123
348 455
349 397
350 307
351 241
352 512
353 453
354 424
355 372
356 132
357 348
358 38
359 189
360 257
361 302
362 485
363 330
364 233
365 229
366 363
367 14
368 486
369 223
370 90
371 18
372 67
373 222
374 188
375 137
376 50
377 379
378 391
379 173
380 340
381 95
382 380
383 265
384 282
385 500
386 197
387 421
388 3
389 42
390 81
391 464
392 8
393 140
394 300
395 56
396 16
397 29
398 160
399 498
400 346
401 129
402 74
403 89
404 162
405 347
406 467
407 315
408 69
409 101
410 445
411 201
412 501
413 360
414 166
415 6
416 490
417 344
418 79
419 441
420 386
421 131
422 218
423 503
424 299
425 369
426 203
427 327
428 259
429 40
430 477
431 182
432 19
433 355
434 4
435 114
436 239
437 80
438 450
439 320
440 473
441 489
442 447
443 20
444 46
445 269
446 127
447 262
448 416
449 251
450 435
451 125
452 356
453 263
454 33
455 359
456 181
457 475
458 270
459 134
460 214
461 224
462 207
463 91
464 499
465 311
466 108
467 297
468 321
469 73
470 213
471 86
472 151
473 243
474 231
475 478
476 35
477 211
478 305
479 336
480 41
481 183
482 152
483 12
484 326
485 7
486 504
487 408
488 481
489 242
490 32
491 427
492 106
493 502
494 331
495 267
496 139
497 193
498 494
499 395
500 432
501 61
502 277
503 84
504 165
505 24
506 474
507 153
508 290
509 349
510 109
511 2
512 352
